[coverdark1.jpg]
filters=fill=1,0.308411;finetune2=1,0.000000,0.129123,0.000000,00000000,0.000000;finetune2=1,0.000000,0.000000,0.030877,00000000,0.000000;
moddate=67ed27d0b92fd201
width=1920
height=1080
textactive=0
