[img5.jpg]
filters=fill=1,0.383178;finetune2=1,0.222222,0.075789,0.423860,00000000,0.000000;
moddate=407d1d915231d201
width=2000
height=1333
textactive=0
[img4.jpg]
filters=finetune2=1,0.532164,0.148772,0.241404,00000000,0.000000;
moddate=9771aeaf5231d201
width=1050
height=700
textactive=0
